pos	ss	bases	0	1	2	3	4	5	6	7	8	9	10	11	12	13	14	15	16	17	18	19	20	21	22	23	24	25	26	27	28	29	30	31	32	33	34	35	36	37	38	39	40	41	42	43	44	45
-136	True	1	0	0	0	0	0	0	0	0	0	0	0	0	0	0	0	0	0	0	0	0	0	0	0	0	0	0	0	0	0	0	0	0	0	0	0	0	0	1	0	0	0	0	0	0	0	0
-135	True	1	0	0	0	0	0	0	0	0	0	0	0	0	0	0	0	0	0	0	0	0	0	0	0	0	0	0	0	0	0	0	0	0	0	0	0	0	0	0	0	0	1	0	0	0	0	0
-134	True	2	0	0	0	0	0	0	0	0	0	0	0	0	0	0	0	0	0	0	0	0	0	0	0	0	0	0	0	0	0	0	0	0	1	0	0	0	0	0	0	0	1	0	0	0	0	0
-133	True	2	0	0	0	0	0	0	0	0	0	0	0	0	0	0	0	0	0	0	0	0	0	0	0	0	0	0	0	0	0	0	0	0	0	0	0	0	0	0	0	0	1	0	0	1	0	0
-132	True	2	0	0	0	0	0	0	0	0	0	0	0	0	0	0	0	0	0	0	0	0	0	0	0	0	0	0	0	0	0	0	0	0	0	0	0	0	0	0	0	0	1	0	0	1	0	0
-131	True	2	0	0	0	0	0	0	0	0	0	0	0	0	0	0	0	0	0	0	0	0	0	0	0	0	0	0	0	0	0	0	0	0	0	0	0	0	0	0	0	0	1	0	0	1	0	0
-130	True	2	0	0	0	0	0	0	0	0	0	0	0	0	0	0	0	0	0	0	0	0	0	0	0	0	0	0	0	0	0	0	0	0	0	0	0	0	0	0	0	0	1	0	0	1	0	0
-129	True	2	0	0	0	0	0	0	0	0	0	0	0	0	0	0	0	0	0	0	0	0	0	0	0	0	0	0	0	0	0	0	0	0	0	0	0	0	0	0	0	0	2	0	0	0	0	0
-128	True	3	0	0	0	0	0	0	0	0	0	0	0	0	0	0	0	0	0	0	0	0	0	0	0	0	0	0	0	0	0	0	0	0	0	0	0	0	0	0	1	0	0	1	0	0	1	0
-127	True	6	0	0	0	0	0	0	0	0	0	0	0	0	0	0	0	0	0	0	0	0	0	0	0	0	0	0	0	0	0	0	0	0	0	0	0	0	0	2	1	0	0	0	0	2	1	0
-126	True	13	0	0	0	0	0	0	0	0	0	0	0	0	0	0	0	0	0	0	0	0	0	0	0	0	0	0	0	0	0	0	0	0	0	0	0	0	1	4	2	0	2	0	0	2	2	0
-125	True	46	0	0	0	0	0	0	0	0	0	0	0	0	0	0	0	0	0	0	0	0	0	0	0	0	0	0	0	0	0	0	0	0	1	0	0	0	3	20	10	1	3	0	1	5	2	0
-124	True	85	0	0	0	0	0	0	0	0	0	0	0	0	0	0	0	0	0	0	0	0	0	0	0	0	0	0	0	0	0	0	0	0	0	0	1	0	7	23	9	1	20	0	6	17	1	0
-123	True	143	0	0	0	0	0	0	0	0	0	0	0	0	0	0	0	0	0	0	0	0	0	0	0	0	0	0	0	0	0	1	0	0	0	0	1	0	4	41	15	1	35	8	7	29	1	0
-122	True	192	0	0	0	0	0	0	0	0	0	0	0	0	0	0	0	0	0	0	0	1	0	0	0	0	0	0	1	0	1	0	0	0	0	1	0	0	2	36	12	1	69	5	17	45	1	0
-121	True	257	0	0	0	0	0	0	0	0	0	0	0	0	0	0	0	1	0	0	0	0	0	1	0	0	0	0	0	0	0	0	0	0	0	0	0	1	6	40	23	1	88	9	25	61	0	1
-120	True	334	0	0	0	0	0	0	0	0	0	0	0	0	0	0	0	0	0	0	0	0	0	0	0	0	0	0	0	0	2	1	0	0	0	1	0	2	8	53	18	1	118	10	31	86	1	2
-119	True	414	0	0	0	0	0	0	0	0	0	0	0	0	0	0	0	0	0	0	1	1	1	0	1	1	0	1	0	0	0	1	1	1	2	2	1	1	5	57	17	5	148	13	36	112	3	3
-118	True	489	0	0	0	0	0	0	0	0	1	0	0	0	0	1	0	0	1	0	0	0	0	0	0	1	0	0	0	0	0	1	1	0	2	0	0	2	7	55	23	3	180	21	42	137	8	3
-117	True	559	0	0	0	0	0	0	0	1	0	0	0	0	0	0	0	0	0	2	0	0	1	1	0	1	0	0	0	0	0	0	3	1	3	1	1	4	7	52	13	7	201	18	48	155	33	6
-116	True	647	0	0	0	0	0	0	0	0	0	0	0	0	0	0	0	0	0	0	0	1	0	0	1	0	0	0	0	1	0	1	0	3	0	0	3	4	6	60	35	7	224	19	60	158	55	9
-115	True	736	0	0	0	0	0	1	0	0	0	0	0	0	0	0	0	0	0	0	0	0	0	1	1	1	0	0	0	1	1	0	1	3	1	1	3	4	10	65	26	8	232	26	58	178	100	14
-114	True	834	1	0	0	0	0	0	0	0	0	0	0	0	0	0	0	0	1	2	0	0	0	0	1	2	0	0	0	0	1	3	3	4	3	1	2	3	3	73	29	9	256	14	71	195	141	16
-113	True	933	0	0	0	0	0	0	1	0	0	0	0	0	0	0	0	0	1	3	0	0	0	2	0	0	0	2	1	2	2	1	0	2	1	3	4	7	12	77	30	13	267	14	73	213	177	25
-112	True	1048	1	0	0	0	0	0	0	0	0	0	0	1	0	0	1	1	0	0	0	0	0	0	0	0	0	0	0	1	0	1	1	6	3	3	6	2	13	90	23	15	295	26	82	214	221	42
-111	True	1145	0	0	0	0	0	0	0	0	0	0	0	0	1	1	1	0	1	1	0	1	0	2	1	0	1	2	1	1	1	4	3	3	2	1	1	4	15	74	28	14	311	25	86	237	271	51
-110	True	1246	0	0	1	0	0	0	0	0	0	0	0	0	0	0	0	2	1	0	0	0	1	0	0	0	0	1	1	1	1	1	3	1	5	3	5	6	13	73	33	13	326	34	79	255	306	81
-109	True	1349	0	0	0	0	0	0	0	0	0	0	0	0	0	0	0	1	0	0	2	0	0	1	0	0	1	1	1	0	1	2	3	2	2	3	3	9	14	73	41	11	346	32	102	249	327	122
-108	True	1446	0	0	0	0	0	0	0	0	0	0	0	0	0	0	1	0	2	0	1	0	2	0	1	1	1	2	2	0	1	1	1	4	6	5	6	5	11	72	36	17	355	33	101	270	345	164
-107	True	1560	0	0	0	0	0	0	0	0	0	0	0	0	0	0	0	2	0	2	0	0	0	1	2	1	1	2	2	1	1	4	1	4	6	2	6	5	14	90	47	18	355	36	95	274	389	199
-106	True	1653	0	0	0	0	2	0	0	0	0	0	1	0	1	0	0	0	0	0	0	1	0	2	1	0	3	1	3	4	2	2	1	2	4	7	10	5	15	73	27	16	359	44	111	286	415	255
-105	True	1750	0	0	0	0	0	0	1	0	1	0	0	1	1	1	2	0	0	0	0	0	1	1	0	1	1	0	5	3	2	1	2	4	2	7	8	8	7	74	42	22	345	41	125	284	455	302
-104	True	1856	0	0	0	0	0	0	0	1	2	0	0	1	1	0	1	3	0	3	0	2	1	2	3	1	2	1	3	4	3	3	3	5	0	3	6	8	19	88	34	21	320	46	125	295	488	358
-103	True	1954	0	0	0	0	0	0	2	1	1	0	0	0	0	1	1	0	0	1	0	0	2	0	0	1	3	2	5	2	2	3	12	4	3	9	9	4	7	80	38	19	327	55	119	339	484	418
-102	True	2056	0	0	1	1	0	1	1	0	0	0	0	1	0	0	1	3	0	0	3	2	1	2	5	6	4	1	0	1	4	8	6	6	5	5	9	11	20	82	31	24	318	51	119	319	530	474
-101	True	2152	0	0	0	0	0	0	0	1	2	0	0	0	1	3	0	1	1	2	2	1	2	0	0	0	2	1	4	1	5	3	8	3	7	7	11	10	13	72	32	16	329	41	129	333	556	553
-100	True	2259	0	0	0	1	0	2	0	0	0	0	0	0	0	0	3	2	0	1	1	1	4	1	3	3	3	1	6	4	3	5	4	3	5	7	8	13	13	83	44	18	319	54	149	300	592	603
-99	True	2363	1	0	0	0	0	2	0	0	1	1	0	0	1	1	0	1	0	1	1	0	2	3	2	2	3	5	5	2	2	3	7	2	7	7	11	8	11	82	36	22	323	51	138	317	615	687
-98	True	2468	0	0	0	0	0	0	0	0	2	2	0	0	0	5	0	0	1	0	1	2	1	4	0	3	0	1	3	2	1	3	2	4	10	5	8	6	22	85	44	19	342	44	122	334	609	781
-97	True	2574	0	0	0	0	0	1	1	0	1	1	0	0	0	0	1	4	1	1	0	1	3	0	2	10	3	3	4	3	5	5	2	4	5	7	12	9	13	84	41	21	363	47	137	313	624	842
-96	True	2679	0	0	0	1	0	1	0	0	0	2	0	0	0	1	3	0	2	7	2	1	0	2	3	2	3	3	2	3	2	4	6	5	5	3	9	13	27	92	33	25	344	44	133	326	621	949
-95	True	2791	1	0	0	2	1	0	1	1	0	0	1	0	1	0	0	1	1	1	1	1	1	1	1	3	5	4	5	6	7	5	5	5	7	8	12	7	16	87	48	28	350	64	134	326	658	985
-94	True	2901	0	0	0	1	0	1	1	1	0	0	2	1	0	1	1	0	2	2	1	2	2	3	1	5	3	6	1	2	6	4	10	5	8	7	15	9	21	91	43	34	362	51	134	344	658	1060
-93	True	3008	1	0	0	0	1	0	0	0	0	0	0	0	1	4	3	2	2	3	1	2	1	3	3	4	3	4	6	3	1	6	7	6	7	6	16	15	13	83	49	46	381	42	139	334	662	1148
-92	True	3109	0	0	0	0	0	1	0	2	0	2	1	0	4	1	0	2	1	2	1	5	1	2	2	3	3	5	5	7	0	7	8	8	12	10	10	9	18	96	42	30	387	57	129	357	683	1196
-91	True	3203	0	0	0	0	2	0	0	0	0	0	0	0	1	0	1	2	1	1	2	3	1	2	4	3	8	3	3	4	4	4	1	9	7	9	17	12	20	74	55	33	398	48	141	333	711	1286
-90	True	3311	2	0	0	0	1	0	1	0	0	1	2	4	0	1	0	0	1	1	3	3	1	3	3	3	5	3	8	3	6	1	3	8	11	15	11	11	26	86	51	37	361	62	152	342	711	1368
-89	True	3411	0	0	0	0	1	0	0	1	2	0	0	1	3	2	2	3	2	1	2	2	3	2	3	3	6	4	0	4	3	10	6	14	7	8	10	16	12	88	44	33	366	73	148	337	687	1502
-88	True	3519	0	0	0	0	1	0	3	0	0	1	2	1	0	0	0	0	1	1	0	1	0	4	5	5	1	2	5	4	5	6	9	7	8	12	14	14	25	84	53	24	364	76	153	359	744	1525
-87	True	3636	1	0	0	1	2	2	4	4	1	3	0	1	0	0	1	2	2	4	2	1	1	1	3	4	5	5	9	1	5	3	3	7	6	9	20	12	20	94	61	31	365	59	156	362	773	1590
-86	True	3719	1	0	0	1	2	0	0	1	0	1	3	1	0	3	2	1	6	2	3	1	1	3	1	0	0	2	7	7	5	8	7	10	12	8	18	14	17	72	54	43	351	62	156	371	825	1637
-85	True	3835	0	0	0	0	0	3	0	1	0	0	2	0	1	0	2	4	1	3	3	1	1	4	4	4	3	4	2	6	6	9	8	8	10	12	19	12	29	93	56	35	339	73	170	370	831	1706
-84	True	3938	1	0	0	0	2	0	0	1	1	0	0	0	2	0	2	2	2	1	2	2	7	5	2	9	2	6	4	8	4	3	8	6	11	16	18	19	25	79	51	41	332	63	182	392	825	1802
-83	True	4046	0	0	0	1	1	2	1	4	1	2	1	1	0	6	1	0	0	0	1	4	4	5	3	6	7	5	4	12	10	9	5	10	9	9	14	12	27	80	61	41	347	75	174	377	815	1899
-82	True	4136	0	0	0	0	4	0	1	0	1	0	0	0	0	2	0	5	2	2	2	1	2	2	7	4	9	8	4	3	7	2	7	4	10	16	8	19	34	80	59	42	351	65	154	397	844	1978
-81	True	4260	0	0	0	0	1	1	3	1	0	3	1	2	2	3	0	4	3	3	0	2	3	2	6	5	7	4	3	6	9	9	13	11	15	15	15	19	22	98	64	40	358	79	174	400	851	2003
-80	True	4363	1	0	0	2	0	1	0	1	0	1	2	3	3	1	2	4	1	2	3	1	4	5	5	8	4	4	4	5	5	8	14	9	9	7	15	15	24	103	53	45	365	72	176	386	857	2133
-79	True	4471	1	0	0	1	2	2	1	1	2	3	1	2	3	1	0	2	2	4	1	6	3	1	4	4	5	4	1	8	14	3	10	8	13	11	21	10	30	93	60	45	359	81	163	405	854	2226
-78	True	4563	1	0	0	0	1	0	1	2	2	0	1	1	2	0	2	5	1	4	1	6	5	2	3	3	5	4	6	7	7	8	11	14	11	10	18	20	25	89	55	42	388	83	183	378	874	2282
-77	True	4677	0	0	0	0	1	1	0	0	2	0	0	1	1	3	0	1	0	2	0	3	2	2	9	2	4	7	3	9	11	14	11	15	7	12	18	17	32	102	57	51	393	66	176	369	874	2399
-76	True	4802	0	0	0	0	2	1	0	2	2	3	2	2	2	1	3	1	3	3	4	4	2	2	4	2	3	2	7	4	10	10	6	9	16	10	16	23	40	102	62	42	408	77	171	398	880	2461
-75	True	4921	0	0	0	1	1	1	0	0	3	1	0	1	1	6	3	1	3	6	4	6	1	3	1	6	4	3	3	10	6	14	9	14	10	11	28	10	28	105	67	50	416	77	166	401	918	2522
-74	True	5022	0	0	0	1	0	4	3	0	2	1	3	2	0	2	2	2	2	2	4	2	2	2	10	5	2	5	7	6	10	9	5	10	14	14	18	23	34	93	66	56	419	81	173	417	981	2528
-73	True	5133	0	0	0	0	0	3	1	1	0	0	0	3	2	1	3	1	4	7	1	3	3	8	1	6	5	6	9	11	10	14	15	6	15	15	19	21	24	108	63	41	391	79	179	431	970	2653
-72	True	5229	0	0	0	2	0	3	2	1	1	3	1	2	3	1	1	1	3	4	2	7	8	6	4	7	1	7	13	11	9	14	10	12	18	12	15	13	40	99	53	45	421	79	208	432	936	2719
-71	True	5342	0	0	0	0	1	1	0	1	3	1	1	3	4	0	1	2	4	3	4	5	0	4	5	8	4	7	4	10	14	11	8	10	19	19	27	23	28	104	68	54	411	90	209	444	1005	2722
-70	True	5450	2	0	0	1	1	3	3	4	2	0	1	3	0	0	3	3	1	4	1	1	5	4	7	5	9	7	9	10	15	13	7	9	19	21	20	26	30	100	76	62	383	90	195	443	1026	2826
-69	True	5559	0	0	0	0	1	3	3	3	2	2	2	3	2	1	2	3	4	2	5	3	5	5	3	6	6	3	8	5	9	9	14	9	15	22	25	21	26	99	64	47	395	95	198	448	1070	2911
-68	True	5673	0	0	0	1	0	0	1	6	1	1	1	1	4	3	3	3	3	2	5	7	2	4	7	7	4	7	6	8	10	12	10	12	25	16	25	23	31	102	90	54	385	109	189	479	1078	2936
-67	True	5777	0	0	0	3	2	1	2	0	0	0	0	0	1	0	3	9	2	2	5	2	11	5	3	4	6	7	14	14	11	11	15	16	11	17	23	24	43	105	61	52	388	90	216	480	1046	3072
-66	True	5884	0	0	0	0	1	1	3	1	1	2	3	2	4	1	2	9	1	5	7	3	1	6	7	8	7	12	8	8	13	16	11	7	20	19	25	21	37	104	81	45	400	88	219	444	1069	3162
-65	True	5994	1	0	0	1	4	0	1	2	2	2	1	1	1	5	3	5	2	3	8	5	9	10	11	2	5	4	7	13	14	12	14	21	16	23	32	30	41	104	78	60	373	94	239	466	1075	3194
-64	True	6115	0	0	0	0	3	1	0	1	5	1	1	2	1	3	5	1	1	4	3	6	9	7	3	9	7	11	11	9	7	10	20	19	11	32	25	33	41	120	83	53	384	95	228	483	1101	3266
-63	True	6216	0	0	0	1	2	3	2	2	0	0	2	4	3	5	4	3	3	2	4	7	8	7	8	9	7	8	11	13	14	17	20	24	22	21	32	31	38	102	66	68	373	99	218	487	1145	3321
-62	True	6318	0	0	0	3	1	0	1	2	3	4	2	3	0	5	2	4	4	3	6	5	10	7	8	7	10	8	10	11	14	17	10	12	23	22	20	24	38	105	84	61	384	77	237	487	1117	3467
-61	True	6431	2	0	0	1	2	2	2	2	1	4	1	0	3	3	6	3	4	5	4	4	5	3	5	8	11	9	8	11	16	12	15	13	22	33	26	18	46	112	70	64	405	118	232	476	1145	3499
-60	True	6535	1	0	0	1	2	4	1	4	3	3	3	4	1	3	0	3	2	4	4	7	6	5	5	10	12	8	8	11	11	16	6	10	16	25	27	13	53	114	70	50	392	106	225	520	1157	3609
-59	True	6635	0	0	0	3	2	2	3	2	2	2	2	2	1	4	2	3	3	1	5	6	2	7	4	4	10	5	3	19	16	12	14	12	22	22	25	19	33	102	90	64	371	106	225	498	1213	3692
-58	True	6753	0	0	0	0	2	4	1	1	3	3	2	4	7	4	1	6	3	3	5	2	10	7	9	5	3	16	9	14	13	13	14	16	23	18	31	26	33	117	67	62	393	104	238	509	1213	3739
-57	True	6874	0	0	1	2	1	4	1	2	0	6	3	4	2	5	3	7	1	4	7	3	7	6	8	13	10	7	9	14	14	18	20	17	19	31	30	34	52	114	73	55	404	101	238	496	1212	3816
-56	True	6980	0	0	0	1	5	3	3	2	4	4	1	1	2	6	2	4	5	3	4	9	9	7	5	3	7	8	16	12	9	12	15	21	13	17	25	26	37	126	76	66	402	99	208	484	1269	3949
-55	True	7089	1	0	0	2	2	4	7	2	0	1	0	1	0	4	1	8	6	4	6	3	4	8	6	7	11	8	8	9	10	17	15	25	22	21	27	42	27	102	78	65	406	113	239	485	1241	4041
-54	True	7220	1	0	2	5	6	3	5	2	6	2	2	3	0	4	6	1	4	1	5	10	6	2	7	10	6	11	13	16	16	19	21	21	28	28	30	32	48	132	82	61	407	103	237	507	1229	4080
-53	True	7335	0	0	0	2	5	1	2	1	2	3	4	6	3	2	3	3	5	7	7	5	7	10	7	9	8	12	9	19	15	21	16	24	17	20	26	33	51	120	86	66	416	115	255	534	1212	4166
-52	True	7433	0	0	0	4	6	6	4	3	2	6	3	6	3	2	8	4	2	9	4	8	9	4	8	6	14	11	12	19	12	18	19	21	19	28	26	42	44	104	73	70	422	111	244	512	1216	4289
-51	True	7538	0	0	0	3	6	3	4	1	3	6	6	5	3	2	7	5	8	2	6	5	6	10	13	14	12	13	12	20	20	23	21	27	23	32	27	30	46	111	76	53	414	112	252	541	1282	4273
-50	True	7645	0	0	0	1	4	2	3	1	4	4	5	1	3	4	6	4	3	5	2	5	7	7	7	12	7	7	15	16	10	11	13	19	29	29	31	49	53	122	76	70	417	124	247	527	1271	4412
-49	True	7759	0	0	0	4	8	5	1	3	5	2	5	4	4	6	1	7	6	3	2	10	7	10	6	14	5	14	18	13	15	10	20	18	27	23	32	30	40	122	91	79	404	116	248	526	1254	4541
-48	True	7891	2	0	0	3	1	0	3	0	3	4	4	5	3	5	4	10	5	5	4	10	2	6	3	7	9	10	9	13	11	13	21	16	20	24	25	23	35	140	89	62	408	112	276	497	1325	4664
-47	True	8000	1	0	0	1	2	1	3	1	1	1	3	3	5	6	6	5	8	7	2	4	10	8	12	12	10	6	6	15	21	13	20	22	36	29	38	37	36	109	94	64	427	107	259	542	1336	4671
-46	True	8103	0	0	0	0	1	5	2	2	2	5	3	4	1	1	4	3	5	4	3	3	7	6	9	10	12	9	8	15	17	18	19	23	15	18	35	27	46	120	68	64	396	138	276	555	1331	4813
-45	True	8211	0	0	1	2	3	3	0	3	1	3	7	1	0	2	2	4	1	8	6	9	4	4	8	6	11	12	11	13	17	20	20	16	15	21	32	28	44	122	74	67	406	118	286	526	1444	4830
-44	True	8315	2	0	0	2	2	7	4	2	1	3	2	0	1	4	3	4	3	1	6	13	7	6	12	9	7	11	16	24	15	18	18	19	18	35	29	32	56	107	84	79	413	124	254	530	1397	4935
-43	True	8451	2	0	0	1	2	5	2	3	2	3	1	3	5	1	4	4	5	4	6	6	6	8	11	11	6	18	20	6	11	20	16	26	21	25	38	35	49	131	100	82	390	148	249	552	1404	5009
-42	True	8582	1	0	0	0	5	4	5	1	3	2	1	2	4	2	5	1	5	8	12	2	7	10	10	10	11	12	16	15	16	14	14	17	27	32	46	35	49	133	85	83	414	119	274	554	1391	5125
-41	True	8672	0	0	0	2	2	0	3	2	0	5	1	2	8	2	3	1	5	4	6	7	5	5	6	15	11	18	8	17	5	13	18	18	35	33	37	46	43	92	73	69	419	134	273	573	1404	5249
-40	True	8806	0	0	0	3	2	4	1	3	3	1	0	6	3	5	7	3	6	2	5	8	6	10	7	13	12	15	14	17	11	19	19	28	25	24	45	33	51	127	96	86	411	119	277	588	1419	5272
-39	True	8926	0	0	0	1	1	2	4	4	1	3	3	3	3	3	0	3	5	6	10	8	6	5	7	9	10	12	9	13	14	24	10	22	29	28	43	34	59	119	84	62	442	147	273	545	1454	5406
-38	True	9043	1	0	0	1	7	6	3	5	2	3	4	3	2	2	2	7	3	7	5	2	6	7	11	10	14	10	15	17	10	25	20	25	23	32	32	32	57	130	89	86	448	116	283	584	1416	5480
-37	True	9149	0	0	0	1	5	4	5	2	6	1	2	4	3	6	4	7	1	5	4	8	7	12	8	14	7	20	14	10	21	15	22	27	27	43	35	39	64	115	84	86	462	135	301	583	1423	5507
-36	True	9278	0	0	1	4	3	3	2	2	1	2	3	6	3	2	6	2	6	5	5	6	13	9	8	6	12	15	16	10	16	21	23	29	25	31	30	34	47	149	83	68	448	125	291	553	1487	5667
-35	True	9399	0	0	0	2	2	4	3	3	4	1	1	1	1	6	3	8	3	4	10	3	6	9	8	13	13	13	13	18	17	18	19	24	30	20	39	35	50	129	90	94	466	136	298	558	1518	5706
-34	True	9514	0	0	0	4	5	3	10	2	1	2	2	2	2	4	2	5	6	9	6	5	5	6	15	11	11	6	11	25	18	25	32	24	37	28	32	43	42	134	85	86	450	137	302	571	1539	5769
-33	True	9638	1	0	0	2	4	2	3	4	3	0	4	0	5	7	8	4	6	4	8	11	11	11	10	15	17	7	14	13	14	19	28	28	31	26	44	41	62	145	94	76	477	144	294	577	1521	5843
-32	True	9785	1	0	0	2	1	3	3	2	4	3	1	4	6	3	9	3	5	5	7	11	8	7	7	15	17	15	16	14	11	14	27	16	39	30	34	40	60	155	100	89	481	152	278	626	1549	5912
-31	True	9928	0	0	0	1	6	1	3	4	6	4	4	5	4	2	4	4	5	11	4	9	13	13	8	10	11	15	8	25	27	27	21	26	29	33	47	41	49	156	98	94	453	161	336	610	1582	5958
-30	True	10032	0	0	0	2	1	7	4	4	5	0	3	6	2	2	3	4	13	7	7	4	14	17	12	6	9	6	17	20	21	18	21	26	27	30	43	28	40	150	80	104	489	151	325	580	1550	6174
-29	True	10183	1	0	0	1	2	3	4	3	1	1	4	3	2	1	8	5	5	5	3	12	7	7	9	5	14	15	21	21	19	17	19	27	31	34	58	51	57	161	96	112	475	155	333	619	1628	6128
-28	True	10309	2	0	1	3	5	5	3	3	5	3	6	5	3	2	5	8	8	7	4	5	7	18	9	10	8	10	15	12	16	15	17	23	38	37	33	32	46	150	100	98	487	146	298	651	1637	6313
-27	True	10457	0	0	0	4	5	4	1	4	3	3	3	5	2	5	5	4	6	6	12	13	14	7	12	12	10	15	8	12	16	22	30	22	25	37	45	32	63	149	102	79	518	151	297	641	1657	6396
-26	True	10568	0	0	0	1	3	2	3	6	2	2	4	3	5	5	7	5	6	7	11	14	13	6	8	10	18	14	15	24	18	21	23	30	25	33	36	50	47	132	109	108	524	148	294	682	1673	6421
-25	True	10724	2	0	0	7	1	4	2	3	2	2	5	3	4	4	5	6	13	5	14	14	10	8	12	16	16	12	25	22	23	19	28	30	35	35	55	48	62	164	119	96	501	161	325	677	1659	6470
-24	True	10846	1	0	0	1	3	1	1	1	1	2	5	6	5	9	4	5	7	5	2	10	11	7	10	9	15	18	19	18	24	27	28	25	30	31	37	41	74	171	106	110	532	172	298	716	1714	6534
-23	True	10968	0	0	0	0	5	1	2	2	5	8	3	0	7	9	10	2	6	13	10	12	8	10	14	17	9	17	16	26	23	24	27	34	32	48	40	36	61	154	93	106	496	177	303	669	1773	6660
-22	True	11098	1	0	0	2	5	4	4	5	2	3	3	8	5	0	7	9	9	1	7	8	9	14	15	8	16	25	22	17	24	30	28	31	36	29	46	44	82	137	104	98	529	178	338	695	1776	6684
-21	True	11248	1	0	0	2	2	1	2	7	5	3	5	4	2	4	4	6	8	11	7	11	11	11	18	10	14	19	22	20	22	19	22	35	43	30	48	53	74	167	128	89	541	149	296	669	1840	6813
-20	True	11375	0	0	0	3	3	5	6	3	4	4	5	4	6	6	6	7	7	7	9	11	20	10	19	15	12	20	19	20	21	20	27	31	35	37	52	64	67	147	110	127	554	155	311	678	1769	6939
-19	True	11485	0	0	0	1	5	4	6	3	4	4	2	5	5	6	7	7	4	9	6	10	10	16	16	13	22	17	17	20	19	20	34	27	40	29	46	53	68	131	102	96	533	152	340	710	1864	7002
-18	True	11631	2	0	0	4	6	2	2	3	1	3	2	5	4	8	1	6	6	10	6	6	8	15	12	17	14	12	21	17	21	20	22	30	24	32	37	34	60	169	120	115	542	181	332	670	1919	7110
-17	True	11782	1	0	0	3	7	9	4	5	3	5	2	5	4	4	3	9	3	6	12	9	9	10	12	12	17	18	24	19	24	24	29	24	32	27	52	54	63	157	126	86	544	175	328	680	1914	7228
-16	True	11936	0	0	0	4	3	3	4	3	6	1	3	6	10	3	7	3	12	9	8	7	9	7	12	12	8	25	14	24	26	17	27	29	45	52	59	60	71	181	122	96	577	177	325	684	1911	7274
-15	True	12077	0	0	0	3	4	2	6	3	3	2	2	2	3	6	10	3	8	8	17	16	18	12	8	18	21	17	19	27	31	25	32	33	33	46	56	58	71	166	123	102	550	186	366	712	1919	7330
-14	True	12227	0	0	0	1	7	2	7	4	4	5	7	6	2	6	7	9	15	8	8	18	15	13	15	9	17	24	20	21	26	40	32	33	37	40	54	65	67	170	143	107	577	172	360	738	1932	7384
-13	True	12403	2	0	0	1	6	5	3	5	6	6	8	1	11	7	7	7	12	8	8	15	10	11	16	14	14	17	31	28	31	32	25	26	45	47	63	47	65	186	121	100	563	159	368	774	1858	7634
-12	True	12561	0	0	0	2	6	6	4	3	3	4	4	4	8	6	5	5	4	7	10	16	14	13	13	13	12	24	25	23	33	27	41	37	35	43	55	43	75	175	136	120	597	197	368	753	1887	7705
-11	True	12729	2	0	0	4	2	2	3	2	4	7	4	8	10	7	7	7	7	10	11	12	17	17	13	15	19	18	25	20	20	29	32	32	36	49	48	45	69	184	124	101	616	197	355	806	1957	7776
-10	True	12897	0	0	0	3	8	6	2	2	5	4	7	3	4	4	7	4	10	13	9	10	16	17	17	19	16	22	28	24	31	26	32	40	36	47	49	55	65	175	126	116	650	185	395	793	1952	7864
-9	True	13072	0	0	0	6	4	7	3	7	2	7	7	4	3	11	8	10	10	6	16	11	13	10	17	17	15	16	23	40	31	29	35	35	39	42	56	55	79	192	123	121	616	173	385	830	1979	7979
-8	True	13215	3	0	0	1	2	8	7	4	3	2	4	6	4	6	3	2	7	8	10	11	14	17	14	16	17	14	26	30	34	31	33	29	37	44	71	52	99	182	116	105	624	214	390	856	2077	7982
-7	True	13351	0	0	0	7	4	3	6	3	1	4	4	6	13	8	5	7	7	12	14	8	14	15	8	31	15	19	24	41	30	31	31	30	29	50	59	61	83	173	156	98	643	191	365	829	2087	8126
-6	True	13525	0	0	1	2	0	1	3	2	5	3	6	9	2	7	6	5	6	7	10	10	17	13	10	18	13	18	17	25	30	24	33	23	40	39	55	48	69	197	142	128	624	180	384	791	2131	8371
-5	True	13692	1	0	0	3	4	3	4	5	3	9	5	5	10	8	7	9	13	11	10	10	9	10	20	13	14	22	31	21	31	36	24	40	32	46	56	64	73	164	156	131	654	180	378	840	2134	8393
-4	True	13831	0	0	0	2	1	6	2	4	5	5	7	4	7	9	7	9	9	9	8	12	14	13	8	18	20	19	24	18	28	26	34	30	41	42	64	51	75	179	116	117	609	186	376	839	2221	8557
-3	True	13831	0	0	0	0	1	3	4	4	5	2	4	6	7	14	4	13	11	6	7	9	13	8	18	28	20	19	31	33	21	27	37	34	50	37	51	56	69	80	96	127	622	169	395	842	2228	8620
-2	True	13831	0	0	0	3	1	5	4	2	4	8	3	4	4	7	4	9	7	8	13	18	15	17	11	12	21	22	21	24	31	20	37	28	36	46	66	64	65	79	77	115	530	172	399	810	2271	8738
-1	True	13831	0	0	0	3	5	11	4	1	5	2	8	5	4	5	11	12	10	14	8	11	13	12	15	13	17	15	13	31	29	36	33	39	47	48	49	52	57	88	91	117	492	201	356	735	2277	8836
0	True	350112	20	0	2	108	102	148	110	96	123	104	155	117	173	187	183	188	210	236	229	314	337	304	373	473	453	493	609	581	706	765	839	854	1107	1191	1340	1290	1682	1888	2324	2624	4171	4362	6835	11738	47238	252730
1	True	13831	0	0	0	4	7	6	6	3	8	4	7	8	5	9	7	7	17	10	18	11	14	13	18	18	24	20	20	22	34	34	23	41	49	43	52	48	58	85	97	113	126	161	283	455	1864	9979
2	True	13831	0	0	0	4	8	2	6	5	4	8	8	9	10	8	13	17	9	10	10	16	12	17	25	21	16	24	34	25	30	40	34	34	47	48	61	48	77	99	85	120	150	165	257	540	1898	9777
3	True	13831	1	0	1	5	10	8	10	4	6	7	11	11	5	6	13	11	14	12	18	14	15	11	21	23	21	27	32	28	32	39	41	41	38	54	54	61	75	100	90	135	137	172	289	495	1943	9690
4	True	13831	0	0	0	11	12	6	6	9	7	15	8	9	8	9	12	13	15	17	10	18	20	15	26	30	31	17	26	43	33	45	39	43	42	44	58	60	83	73	107	133	177	208	311	500	1968	9514
5	True	13831	1	0	0	2	9	3	7	5	7	8	3	10	9	11	15	7	12	13	16	15	11	18	17	26	19	29	31	24	35	36	45	47	46	53	58	66	67	86	114	115	153	171	304	502	1923	9682
6	True	13739	1	0	0	5	5	7	11	11	11	9	7	7	10	6	11	11	11	18	12	23	18	20	15	19	27	22	21	28	36	34	32	53	49	59	58	64	75	94	110	114	159	211	317	456	1956	9516
7	True	13633	0	0	1	6	4	4	6	9	7	6	7	5	6	4	10	13	12	12	12	14	20	18	22	23	21	23	33	37	29	31	50	37	41	68	72	75	85	91	93	96	145	177	275	499	1880	9554
8	True	13511	0	0	1	7	16	7	5	6	6	11	6	13	9	11	10	13	14	15	20	9	25	15	14	30	20	39	36	30	34	37	40	45	55	50	56	60	78	99	110	124	171	192	290	502	2001	9179
9	True	13414	1	0	0	6	11	11	12	10	8	10	11	6	7	12	10	13	19	10	20	9	17	12	21	26	29	39	30	28	36	40	32	33	50	68	71	63	72	101	116	107	173	214	269	501	1974	9106
10	True	13301	1	0	0	4	6	6	9	7	9	13	14	14	12	8	17	14	21	21	19	15	20	28	25	39	30	26	33	30	40	28	35	50	54	66	74	65	77	114	102	152	170	219	319	490	1959	8846
11	True	13187	1	0	0	5	5	10	8	6	7	12	7	12	12	10	16	17	12	13	8	15	9	26	19	23	22	14	35	26	35	29	45	41	55	42	46	84	103	80	97	111	161	200	292	474	1914	9028
12	True	13075	0	0	0	8	9	7	10	6	6	7	13	11	9	5	10	9	18	10	13	16	12	28	23	16	20	27	33	24	37	50	51	35	35	70	62	66	72	99	94	143	169	189	288	538	1939	8788
13	True	12950	0	0	1	8	9	9	11	7	2	14	14	9	8	9	13	12	15	17	16	15	13	16	18	20	18	22	19	22	35	37	38	44	43	50	54	69	73	83	100	140	155	185	327	469	1920	8791
14	True	12833	3	0	0	8	8	9	9	10	9	11	4	6	5	13	15	6	15	11	14	11	14	14	14	16	26	20	34	34	39	29	36	46	43	42	69	56	65	98	91	124	183	195	277	505	1868	8728
15	True	12711	1	0	0	3	9	5	2	3	4	5	10	6	9	7	11	9	13	18	22	18	13	13	23	15	30	26	26	34	37	51	35	45	51	46	64	75	66	90	87	116	150	197	290	494	1918	8564
16	True	12597	2	0	0	6	9	8	7	11	6	8	6	10	8	11	14	20	8	12	17	15	16	21	28	28	18	22	29	23	38	37	43	40	48	54	71	67	66	91	107	115	187	175	324	465	1799	8507
17	True	12494	4	0	0	8	6	11	7	3	7	9	14	15	13	8	15	9	13	16	10	13	18	16	23	21	20	29	30	27	25	25	45	43	44	61	67	78	64	81	92	112	163	193	290	491	1913	8342
18	True	12358	1	0	0	5	6	8	11	3	12	6	8	4	7	10	8	12	13	14	11	15	14	17	14	23	20	26	25	32	29	29	44	47	58	42	70	56	75	98	113	132	174	169	271	446	1829	8351
19	True	12247	1	0	0	4	11	9	10	10	10	8	8	5	5	13	10	9	7	17	11	13	14	18	21	28	18	27	26	27	35	32	34	44	41	54	53	59	55	87	111	113	172	183	253	455	1804	8322
20	True	12131	0	0	0	9	11	8	7	10	10	9	13	6	9	14	14	11	16	16	15	21	16	15	18	21	22	28	26	25	36	33	35	34	52	68	61	73	63	85	98	114	141	191	252	511	1789	8125
21	True	12027	0	0	0	4	8	3	5	2	10	8	5	6	4	7	4	10	11	6	12	8	11	18	18	28	27	24	24	27	38	33	36	34	49	59	75	54	80	83	92	103	144	160	261	461	1833	8142
22	True	11908	1	0	0	12	7	11	12	7	4	8	7	8	10	14	10	13	12	12	18	9	16	8	15	26	21	15	34	35	37	31	41	37	51	49	55	64	63	77	98	101	156	187	276	440	1857	7943
23	True	11800	0	0	0	5	10	12	7	11	1	3	11	13	12	8	12	11	13	12	14	22	13	17	21	23	25	18	21	26	32	23	46	37	44	45	54	52	70	68	97	129	165	173	277	445	1752	7950
24	True	11688	0	0	0	10	9	6	10	10	4	10	10	7	6	8	11	11	11	19	8	16	14	22	20	22	20	26	31	35	40	33	39	33	47	40	62	62	66	83	98	108	149	190	238	451	1760	7833
25	True	11588	1	0	0	4	9	8	6	7	2	6	10	15	5	6	5	10	5	14	11	12	23	10	25	20	24	36	26	31	39	37	41	56	39	50	70	64	64	94	93	102	131	187	252	441	1732	7765
26	True	11499	1	0	0	7	12	8	3	9	7	6	4	9	12	7	11	11	12	14	16	18	8	14	26	24	19	25	32	25	26	28	32	30	49	42	57	66	66	88	82	129	131	179	265	451	1745	7693
27	True	11375	0	0	1	4	8	13	8	5	7	6	8	9	10	15	7	4	8	15	16	15	21	14	17	16	16	22	29	30	35	26	31	42	54	47	44	65	64	84	85	126	138	176	236	439	1755	7604
28	True	11278	2	0	0	4	6	6	5	2	10	14	9	8	15	11	14	10	14	9	13	21	21	14	25	14	16	22	31	41	38	24	31	42	34	47	63	55	68	78	78	105	122	171	225	436	1727	7577
29	True	11152	0	0	0	4	5	8	5	7	5	8	9	9	16	8	11	7	6	11	11	20	17	14	24	23	23	24	20	39	33	22	24	38	47	49	62	63	66	75	82	109	136	175	246	397	1744	7450
30	True	11041	0	0	0	8	6	8	4	7	7	6	14	5	8	9	10	6	9	13	17	16	19	23	9	22	18	21	22	27	23	27	29	41	38	37	46	60	89	79	88	107	131	176	274	436	1737	7309
31	True	10946	1	0	0	6	15	4	8	5	7	6	14	9	14	6	8	7	10	14	14	14	10	13	18	17	19	26	31	24	37	26	33	37	46	54	55	58	48	76	74	91	120	183	256	446	1688	7298
32	True	10821	0	0	0	7	6	12	9	6	5	6	10	7	11	14	16	11	12	6	18	8	9	15	22	35	20	31	29	28	29	26	42	35	43	52	52	64	75	72	82	102	121	178	269	372	1645	7209
33	True	10722	1	0	0	5	13	9	2	4	7	10	7	8	8	5	7	9	9	13	11	10	15	23	14	21	14	20	26	36	28	42	37	33	51	45	52	61	61	67	85	112	124	156	257	487	1638	7079
34	True	10602	2	0	0	5	7	14	7	4	2	8	12	9	5	5	10	14	10	15	14	13	24	12	17	15	22	30	23	31	32	38	42	49	48	42	61	57	63	73	102	116	132	192	248	408	1666	6903
35	True	10483	0	0	1	2	6	4	10	4	7	9	7	5	10	8	15	7	4	8	13	13	18	20	17	27	19	22	26	35	23	28	36	42	40	36	58	65	65	70	75	117	143	165	240	415	1611	6937
36	True	10380	0	0	0	6	11	9	11	5	6	11	5	10	12	11	8	11	12	11	12	22	18	15	18	29	21	42	38	28	27	36	51	38	53	34	46	50	61	66	76	113	102	157	248	399	1659	6782
37	True	10282	0	0	0	2	7	6	8	7	12	9	5	9	10	15	5	10	11	12	8	11	16	9	19	23	27	27	22	26	30	29	35	37	32	42	57	54	71	86	103	113	125	161	218	418	1586	6769
38	True	10193	2	0	1	8	9	7	9	8	10	11	4	5	11	18	10	9	11	8	10	13	16	17	25	17	16	23	26	37	31	32	40	48	43	46	55	68	73	76	75	102	120	197	233	418	1530	6665
39	True	10072	0	0	1	3	6	7	9	4	7	2	3	10	8	6	8	13	9	13	13	21	18	13	19	21	26	26	27	21	28	30	42	36	46	55	59	46	65	52	79	99	138	171	239	413	1506	6654
40	True	9960	0	0	0	3	6	7	7	8	6	10	8	8	8	13	4	14	8	16	16	10	21	17	18	23	15	24	28	33	30	29	27	39	42	34	62	46	57	76	88	105	125	171	247	442	1492	6517
41	True	9863	0	0	0	4	14	11	7	7	13	5	7	7	8	13	8	11	7	14	16	12	19	17	17	13	34	24	23	26	24	20	33	45	54	43	44	50	71	61	89	103	126	160	247	425	1544	6387
42	True	9769	1	0	0	7	12	3	4	2	5	11	5	7	6	10	9	10	14	10	15	11	13	14	20	29	21	22	14	21	34	49	42	29	43	42	61	60	67	69	96	96	134	130	264	407	1554	6296
43	True	9658	1	0	0	6	10	10	7	9	2	9	10	8	7	10	6	9	11	5	13	13	18	19	19	23	21	31	25	24	39	31	43	43	54	45	61	63	62	75	98	111	121	165	219	407	1595	6100
44	True	9533	0	0	1	4	14	7	3	5	9	17	9	6	10	10	13	8	13	14	25	13	13	35	16	15	16	21	38	29	38	36	28	40	35	52	64	54	76	66	88	102	142	167	219	380	1569	6013
45	True	9406	0	0	0	4	18	4	9	13	8	14	10	9	13	16	5	7	9	15	19	19	15	24	27	19	25	24	38	14	27	38	40	45	38	41	50	64	53	89	81	98	146	154	248	405	1522	5889
46	True	9293	0	0	0	4	9	13	5	7	6	8	8	9	10	16	9	21	14	12	14	16	17	17	19	22	18	35	22	26	25	29	34	53	42	43	45	60	63	70	96	112	148	172	248	405	1486	5805
47	True	9199	0	0	0	7	9	13	10	10	13	7	11	8	9	11	17	13	16	14	16	15	18	26	19	25	19	27	22	29	22	35	29	37	43	43	64	63	52	70	88	102	130	146	223	363	1497	5808
48	True	9098	1	0	0	5	11	7	11	6	8	15	11	14	8	7	15	9	9	10	11	15	19	21	27	22	24	27	21	31	28	39	40	33	48	41	49	58	65	68	86	90	120	159	228	384	1375	5822
49	True	8980	0	0	0	4	9	5	11	5	3	11	6	5	12	15	19	9	10	12	9	13	10	15	21	21	25	18	28	30	23	27	32	33	42	41	50	47	62	62	80	89	112	157	235	353	1406	5803
50	True	8867	0	0	0	3	9	9	5	7	13	10	7	10	6	12	7	6	8	8	11	13	15	10	16	20	12	15	20	31	27	34	29	41	43	34	46	52	50	76	85	86	128	164	208	358	1389	5734
51	True	8748	1	0	0	4	4	6	9	8	5	7	5	12	5	2	13	5	12	13	17	13	11	16	17	18	21	19	17	19	30	18	25	41	34	33	51	50	51	81	71	113	107	150	195	334	1392	5693
52	True	8639	1	0	0	3	7	6	7	2	4	4	9	13	14	12	7	6	10	12	7	18	18	14	15	10	25	21	21	32	25	26	31	30	44	47	39	42	47	68	71	117	130	136	208	351	1361	5568
53	True	8539	1	0	1	4	5	2	2	7	5	8	6	5	10	6	8	7	13	12	6	9	19	11	20	17	13	13	25	26	25	22	36	31	39	40	50	53	45	68	70	74	108	146	171	328	1403	5569
54	True	8416	1	0	0	3	8	9	5	2	6	9	7	8	5	6	11	7	12	13	10	11	19	24	15	14	18	11	19	26	17	22	21	22	49	32	36	58	48	76	72	77	112	149	211	329	1320	5486
55	True	8310	1	0	1	4	3	5	12	10	9	7	10	5	9	4	9	11	12	15	9	10	9	12	12	14	10	22	18	23	20	18	27	32	44	45	40	55	46	62	74	80	112	155	173	367	1276	5418
56	True	8186	0	0	0	7	5	5	2	2	4	6	4	8	4	9	8	8	10	11	9	13	16	13	12	18	20	22	15	23	24	26	23	34	35	34	38	48	45	59	81	73	110	127	168	344	1278	5385
57	True	8078	1	0	0	3	5	8	4	10	7	10	8	7	4	5	10	15	8	14	8	6	11	12	18	16	19	18	19	18	25	21	29	38	31	34	37	46	46	56	82	89	113	128	150	338	1281	5270
58	True	7969	1	0	1	3	2	5	3	6	6	6	7	4	7	9	6	10	12	5	12	9	11	7	12	22	13	20	25	23	22	23	27	23	24	33	41	56	45	62	75	72	113	126	188	317	1292	5183
59	True	7858	1	0	0	5	8	8	9	5	7	5	5	10	12	3	4	7	7	9	10	16	14	9	20	13	17	19	21	17	19	15	29	27	31	37	39	44	45	62	57	74	98	110	202	343	1259	5106
60	True	7749	2	0	0	6	7	0	7	8	4	5	3	8	12	8	7	14	8	11	12	18	18	8	15	15	16	24	20	23	20	23	27	33	43	36	34	47	66	52	45	80	97	131	189	330	1201	5016
61	True	7651	0	0	0	2	10	5	1	3	8	2	14	3	8	5	5	5	8	8	15	8	21	8	19	14	12	12	19	14	27	20	31	29	30	34	38	34	50	48	70	91	104	131	180	301	1215	4989
62	True	7537	1	0	1	5	6	8	2	6	7	3	8	6	8	9	8	6	8	6	10	9	14	13	14	10	13	17	16	19	17	29	20	30	36	36	37	54	53	44	73	81	87	119	140	317	1167	4964
63	True	7428	1	0	0	3	9	2	8	4	6	3	7	6	10	5	6	10	8	11	6	11	9	16	16	26	13	12	22	21	16	20	21	16	33	36	38	29	53	57	66	93	94	115	170	322	1182	4816
64	True	7328	1	0	1	10	7	5	3	1	9	5	7	4	7	6	10	7	11	13	9	7	8	11	17	12	11	20	12	22	13	27	23	26	33	25	30	43	46	49	59	73	109	114	139	310	1196	4777
65	True	7214	2	0	0	1	6	3	5	4	8	2	4	8	1	5	10	9	11	6	9	7	14	19	15	12	10	8	16	21	27	24	25	38	34	28	34	38	39	49	65	72	103	119	175	299	1124	4705
66	True	7109	2	0	0	2	3	2	4	10	8	7	4	7	10	7	12	6	5	12	10	14	26	17	11	11	20	16	23	16	20	16	28	27	21	44	38	39	59	51	57	63	101	115	139	282	1149	4595
67	True	7000	0	0	0	3	2	10	9	4	9	5	8	5	10	7	9	9	19	11	7	14	8	12	13	8	21	20	14	19	18	24	33	26	29	32	43	41	36	44	48	60	108	132	132	280	1132	4526
68	True	6888	1	0	0	3	6	4	6	7	10	4	6	3	5	3	6	5	9	9	9	9	13	11	15	10	18	22	18	14	20	22	25	26	30	39	32	36	40	55	44	76	83	122	145	309	1126	4432
69	True	6786	1	0	0	4	3	4	8	5	6	4	3	5	7	5	3	11	7	14	7	9	9	11	7	8	18	15	13	20	15	34	23	30	36	36	31	43	40	43	51	67	106	135	158	264	1106	4361
70	True	6673	1	0	1	6	7	4	4	4	3	2	4	2	4	3	2	6	5	7	9	9	6	14	5	12	14	12	18	19	16	22	23	30	36	28	35	31	50	52	60	78	89	121	125	294	1124	4276
71	True	6541	0	0	0	3	7	6	2	9	3	3	4	6	4	4	7	9	6	12	7	9	11	9	10	5	9	8	14	22	24	19	17	16	23	36	24	38	38	62	51	72	87	117	152	293	1088	4195
72	True	6451	3	0	1	3	7	8	8	6	2	3	4	4	6	5	12	6	6	8	10	8	6	4	12	11	11	13	16	19	14	16	28	22	27	24	28	37	43	51	59	74	96	107	120	265	1109	4129
73	True	6310	1	0	1	3	6	6	3	6	3	3	7	4	4	4	5	9	10	9	4	5	9	12	8	14	11	19	16	16	21	35	15	32	26	24	36	36	37	43	51	66	73	110	157	256	1054	4040
74	True	6207	1	0	0	6	3	7	3	8	7	4	2	2	5	7	11	9	2	3	14	13	11	7	9	11	16	12	12	14	19	16	21	32	16	23	30	29	34	50	54	71	89	109	152	286	1041	3936
75	True	6114	1	0	0	4	6	3	3	3	5	5	8	4	6	9	1	5	7	11	6	11	8	12	12	9	15	11	22	17	18	21	26	18	26	22	42	35	35	47	46	60	98	125	151	278	1024	3838
76	True	6000	0	0	0	5	3	1	8	2	6	4	4	2	4	5	7	6	5	6	15	9	12	20	9	11	7	9	14	25	14	27	18	20	29	25	24	35	37	35	46	48	88	111	146	263	1021	3814
77	True	5878	0	0	0	1	4	6	5	2	2	8	6	3	7	5	5	5	4	9	6	12	8	12	13	13	12	15	17	13	20	14	21	25	32	19	26	30	25	48	56	59	77	114	145	259	1024	3691
78	True	5765	0	0	0	3	3	4	4	5	6	5	5	4	6	4	6	8	7	9	1	9	13	6	14	17	9	12	11	7	13	25	17	19	30	21	26	43	30	43	47	71	77	90	128	269	1006	3632
79	True	5657	0	0	0	4	4	1	7	2	2	2	7	11	5	3	5	7	5	6	8	12	9	9	8	15	9	14	11	13	17	11	13	17	23	25	34	41	39	39	53	58	68	97	139	250	1050	3504
80	True	5531	1	0	0	4	6	3	3	3	3	4	3	4	5	6	6	3	5	6	9	8	4	9	9	6	12	19	21	11	14	21	22	24	34	24	24	31	36	48	55	49	75	92	138	236	990	3445
81	True	5413	0	0	0	2	6	0	3	3	4	4	1	4	5	2	6	6	6	11	7	9	6	15	8	16	10	17	12	20	18	12	16	26	16	27	25	32	37	57	34	55	75	112	127	233	964	3364
82	True	5311	0	0	0	5	7	6	2	4	4	6	3	4	7	5	7	6	1	6	9	5	5	11	10	10	11	15	11	24	20	16	20	33	20	25	29	43	45	42	50	60	58	97	124	235	948	3262
83	True	5202	0	0	0	6	0	3	3	2	3	4	7	5	7	5	4	6	4	7	7	8	8	6	11	5	18	7	17	12	19	7	13	22	26	20	34	29	36	50	44	48	67	83	127	237	980	3195
84	True	5067	0	0	0	4	2	1	1	1	4	6	7	6	7	4	6	3	4	10	7	7	12	9	11	11	18	16	16	18	17	12	24	23	17	16	31	33	29	39	41	46	78	84	115	192	965	3114
85	True	4956	0	0	0	4	3	3	8	2	1	4	6	5	5	4	10	4	6	10	10	9	7	10	7	4	13	9	15	18	15	21	17	18	20	23	21	32	30	39	43	55	75	75	91	231	924	3049
86	True	4819	0	0	0	2	1	5	5	0	1	4	4	6	4	4	3	6	10	4	5	4	9	6	11	13	20	13	10	10	13	18	10	9	17	25	21	28	21	43	47	51	73	79	125	191	829	3059
87	True	4707	2	0	0	5	4	3	1	2	1	6	4	5	4	2	2	3	7	0	11	8	10	6	6	8	12	7	15	11	29	21	19	19	15	19	29	29	24	39	41	45	65	73	134	203	881	2877
88	True	4569	1	0	0	2	2	7	5	0	4	2	6	4	6	5	4	8	3	10	5	7	5	12	14	11	6	4	15	14	12	12	15	10	23	21	31	33	25	43	47	39	66	79	98	195	840	2818
89	True	4457	0	0	0	4	3	5	5	4	0	4	4	7	3	1	3	4	1	7	3	8	7	8	6	8	14	12	15	17	13	15	9	26	19	17	20	33	33	30	35	55	60	80	113	172	801	2773
90	True	4351	1	0	0	0	1	3	4	2	2	3	1	3	9	2	4	8	4	4	7	5	7	7	8	8	11	15	12	16	22	13	15	24	13	17	22	25	45	35	35	33	58	74	106	192	818	2657
91	True	4235	2	0	0	3	2	5	3	4	3	2	2	2	5	5	6	8	6	5	5	2	3	4	13	14	13	12	12	9	14	10	20	15	20	25	28	20	30	31	50	44	45	72	79	188	764	2630
92	True	4110	0	0	0	3	6	0	3	3	3	2	5	4	4	4	2	1	1	1	4	3	6	7	5	7	11	7	14	9	16	10	9	23	21	16	12	22	24	39	27	42	59	69	100	185	797	2524
93	True	4002	2	0	0	3	4	2	3	3	1	1	6	2	1	4	2	2	7	2	6	5	5	10	6	7	7	8	11	11	13	6	21	14	15	18	26	33	17	26	30	37	58	90	100	180	764	2433
94	True	3888	1	0	0	4	5	2	3	2	1	2	1	3	5	6	5	4	2	7	4	7	3	6	7	9	10	8	12	6	17	11	11	8	25	14	20	27	24	32	45	42	58	64	90	176	766	2333
95	True	3771	0	0	0	1	3	5	2	2	3	2	2	3	2	5	4	5	3	4	4	1	9	5	9	13	8	6	12	13	12	7	13	12	20	11	22	22	27	25	31	28	62	73	81	163	757	2279
96	True	3664	1	0	1	1	3	2	5	4	4	1	3	2	0	2	0	4	5	5	5	7	6	8	4	11	4	11	11	5	9	19	12	18	15	18	21	20	32	31	40	39	54	69	84	177	736	2155
97	True	3548	1	0	0	3	0	3	2	3	1	5	3	2	4	1	4	2	9	4	7	3	9	3	8	5	16	7	14	9	9	14	12	9	16	20	18	15	19	43	39	37	53	72	79	132	725	2108
98	True	3397	0	0	0	1	1	1	3	3	2	2	0	3	5	0	5	4	7	8	2	4	7	3	7	3	10	10	8	6	9	12	11	17	18	12	23	23	25	42	36	34	53	66	77	138	687	2009
99	True	3273	0	0	0	2	5	7	1	2	2	3	3	6	1	2	5	3	3	7	7	3	1	12	2	9	10	4	6	10	7	10	12	15	13	21	17	25	19	31	37	35	42	65	83	164	631	1930
100	True	3131	0	0	0	4	1	0	6	3	3	1	3	6	5	6	0	4	2	7	4	2	4	8	8	9	9	7	5	7	10	10	14	14	7	15	21	23	29	25	35	43	54	71	78	128	613	1827
101	True	2996	0	0	0	0	3	1	2	3	4	2	2	3	3	3	5	3	2	3	11	8	6	6	9	7	11	6	8	4	8	12	12	14	12	14	28	19	24	24	20	36	44	51	87	152	618	1706
102	True	2874	0	0	0	0	2	2	2	2	1	1	4	5	1	4	2	3	6	1	3	3	5	5	8	5	5	13	5	13	13	6	20	13	12	13	25	24	18	18	28	22	43	53	79	126	582	1678
103	True	2761	0	0	0	2	5	2	1	3	1	2	6	3	3	3	2	1	5	8	5	4	4	3	3	5	10	10	8	11	9	12	14	18	13	13	19	15	20	24	20	38	34	55	66	124	555	1602
104	True	2664	1	0	0	0	2	2	1	1	2	2	3	3	2	3	1	1	5	3	5	5	2	5	4	6	7	4	6	5	9	12	15	8	9	14	18	19	16	32	26	35	43	69	62	120	580	1496
105	True	2547	0	0	0	3	5	2	1	1	4	2	6	2	2	4	0	3	3	2	1	0	4	5	10	5	9	4	13	5	3	11	10	5	16	14	12	23	15	17	26	34	45	39	61	112	553	1455
106	True	2426	0	0	0	2	2	3	4	3	2	1	2	1	1	1	5	4	6	2	4	5	9	8	2	9	9	6	9	7	12	5	6	9	16	11	19	10	18	24	30	29	33	43	63	128	504	1359
107	True	2306	0	0	0	1	2	2	2	4	1	2	4	1	3	2	2	1	1	3	2	4	4	1	5	4	5	9	4	7	3	4	12	13	3	11	9	22	13	20	25	29	29	44	58	118	508	1309
108	True	2186	0	0	2	0	0	0	2	1	0	3	2	1	2	2	3	2	3	1	6	2	5	4	4	7	8	4	5	6	7	9	12	16	9	12	12	14	16	14	21	22	26	34	56	113	493	1225
109	True	2066	0	0	0	4	1	0	0	0	3	2	6	1	0	2	3	1	2	4	3	4	2	6	8	9	5	5	6	10	7	5	9	7	11	7	10	11	13	14	27	40	33	42	59	112	475	1097
110	True	1933	0	0	0	0	2	1	2	2	0	1	2	1	1	2	1	2	0	2	5	4	4	4	3	7	8	7	1	3	9	8	4	10	11	8	13	9	16	17	27	26	32	41	41	112	448	1036
111	True	1803	0	0	0	0	2	1	0	1	4	0	1	3	4	3	1	2	2	1	1	2	9	0	5	9	8	6	4	3	5	4	7	5	6	16	11	9	11	23	21	19	36	33	46	83	429	967
112	True	1689	0	0	0	1	2	2	3	0	0	2	3	1	2	1	2	3	3	4	5	3	3	5	5	3	6	9	3	5	13	5	6	3	11	5	14	12	10	13	14	23	29	27	50	89	375	914
113	True	1566	0	0	0	2	2	2	1	2	0	2	2	1	0	2	3	1	2	2	4	2	6	4	5	3	7	8	3	3	5	6	7	10	13	6	8	13	12	18	18	18	28	23	47	78	359	828
114	True	1438	0	0	0	0	1	1	1	1	2	4	2	1	5	1	0	3	2	2	0	1	3	0	5	1	2	5	6	6	7	0	9	6	4	10	8	11	11	10	17	17	15	29	39	79	344	767
115	True	1305	0	0	0	1	2	1	3	1	0	1	1	1	1	1	0	5	2	2	2	4	3	1	5	2	2	1	2	5	2	4	5	9	8	9	13	3	9	4	9	21	22	21	41	88	318	670
116	True	1183	0	0	0	0	0	4	1	0	1	1	1	3	1	3	3	1	2	1	2	5	1	2	2	5	5	6	2	3	3	5	6	3	7	7	8	10	11	10	11	8	13	24	28	60	316	598
117	True	1058	0	0	1	0	2	2	1	3	2	1	1	0	1	2	3	3	2	1	2	0	3	5	4	5	2	4	5	0	5	4	5	4	11	4	3	9	9	14	8	14	17	20	24	54	253	545
118	True	889	0	0	0	1	0	3	0	0	2	2	0	1	0	0	3	0	3	3	1	0	2	1	3	3	3	2	2	4	5	3	5	2	10	4	10	7	7	9	8	16	14	10	12	46	229	453
119	True	750	0	0	0	0	0	0	2	0	1	0	0	1	1	0	0	2	1	0	3	2	2	0	0	2	1	4	2	3	4	4	6	3	4	8	6	3	6	5	9	9	8	15	17	59	174	383
120	True	626	0	0	0	1	0	2	1	1	0	2	0	0	0	3	2	0	0	1	1	2	1	2	5	2	1	1	2	3	1	3	5	2	3	4	0	2	4	1	12	10	6	17	20	36	167	300
121	True	505	0	0	0	0	1	1	0	1	0	2	1	2	0	1	1	1	0	2	0	2	3	1	3	2	4	1	4	2	0	1	2	4	1	2	1	5	5	4	7	2	6	10	11	28	130	251
122	True	384	0	0	0	2	0	0	0	1	0	1	0	1	1	0	0	0	0	1	4	0	1	0	0	1	0	2	2	2	0	0	2	3	0	4	2	2	2	9	6	5	4	5	7	18	103	193
123	True	296	0	0	0	1	0	0	1	0	1	0	0	1	0	1	2	1	0	1	0	0	0	0	1	1	1	1	0	1	1	2	1	2	0	1	2	5	3	2	0	2	6	6	5	15	80	149
124	True	219	0	0	0	0	2	0	0	0	1	0	1	0	1	0	0	0	2	0	0	0	0	2	1	0	1	1	0	0	1	0	0	0	0	0	0	4	1	3	5	0	1	10	8	12	56	106
125	True	128	0	0	0	0	0	0	1	0	0	0	0	0	0	0	0	1	0	0	0	1	0	0	0	0	0	1	0	1	0	0	0	0	0	0	1	1	1	1	2	1	1	3	8	5	36	63
126	True	61	0	0	0	0	0	0	0	0	0	0	0	0	0	0	0	0	0	0	1	0	0	2	1	0	0	0	0	0	0	1	1	0	0	0	1	1	2	0	0	1	2	2	3	2	11	30
127	True	13	0	0	0	0	0	0	0	0	0	0	0	0	0	0	0	1	1	0	0	0	0	0	0	0	0	0	0	0	0	0	0	0	0	0	0	1	0	0	0	0	0	1	0	0	2	7
128	True	12	0	0	0	0	0	0	0	0	0	0	0	0	0	0	0	0	0	0	0	0	0	0	0	1	0	0	0	0	0	0	0	0	0	0	0	0	0	0	0	0	1	0	0	0	4	6
129	True	10	0	0	0	0	0	0	1	0	0	0	0	0	0	0	0	0	0	0	0	0	0	0	0	0	0	0	0	1	0	0	1	0	0	0	0	0	0	0	0	0	0	0	0	0	2	5
130	True	7	0	0	0	0	0	0	0	0	0	0	0	0	0	0	0	0	0	0	0	0	0	1	1	0	0	0	0	0	0	0	0	0	0	0	0	0	0	0	0	0	0	0	0	1	1	3
131	True	5	0	0	0	0	0	1	0	0	0	0	0	0	0	0	0	0	0	0	0	0	0	0	0	0	0	0	0	1	0	0	0	0	0	0	1	0	0	0	0	0	0	0	0	1	0	1
132	True	2	0	0	0	0	0	0	0	0	0	0	0	0	0	0	0	0	0	0	0	0	0	0	0	0	0	0	0	0	0	0	0	0	0	0	0	0	0	0	0	0	0	0	0	1	0	1
133	True	1	0	0	0	0	0	0	0	0	0	0	0	0	0	0	0	0	0	0	0	0	0	0	0	0	0	0	0	0	0	0	1	0	0	0	0	0	0	0	0	0	0	0	0	0	0	0
134	True	1	0	0	0	0	0	0	0	0	0	0	0	0	0	0	0	0	0	0	0	0	0	0	0	0	0	0	1	0	0	0	0	0	0	0	0	0	0	0	0	0	0	0	0	0	0	0
135	True	1	0	0	0	0	0	0	0	0	0	0	0	0	0	0	0	0	0	0	0	0	0	0	0	0	0	0	0	0	0	0	0	0	1	0	0	0	0	0	0	0	0	0	0	0	0	0
136	True	1	0	0	0	0	0	0	0	1	0	0	0	0	0	0	0	0	0	0	0	0	0	0	0	0	0	0	0	0	0	0	0	0	0	0	0	0	0	0	0	0	0	0	0	0	0	0
137	True	1	0	0	0	0	0	0	0	0	0	1	0	0	0	0	0	0	0	0	0	0	0	0	0	0	0	0	0	0	0	0	0	0	0	0	0	0	0	0	0	0	0	0	0	0	0	0
138	True	1	0	0	0	0	0	0	0	0	0	0	0	0	1	0	0	0	0	0	0	0	0	0	0	0	0	0	0	0	0	0	0	0	0	0	0	0	0	0	0	0	0	0	0	0	0	0
139	True	1	0	0	0	0	0	0	0	1	0	0	0	0	0	0	0	0	0	0	0	0	0	0	0	0	0	0	0	0	0	0	0	0	0	0	0	0	0	0	0	0	0	0	0	0	0	0
